# List of Vertices:
v 9.8 2.5 3.0
v 5.1 6.0 1.1
v 7.6 6.0 1.1
v 5.3 6.3 3.0
v 4.1608696 6.3 1.1
v 10.1 2.5 0.3
v 5.1 0.3 0.3
v 5.1 6.3 1.1
v 3.1 6.0 3.0
v 7.6 0.3 2.4
v 3.3 6.3 2.6
v 0.3 6.3 0.0
v 5.1 2.5 3.0
v 5.3 2.5 0.0
v 5.875 6.0 0.3
v 1.2 2.3 2.4
v 4.2391304 6.3 1.1
v 2.5 6.3 3.0
v 7.025 6.0 1.1
v 10.1 0.0 3.0
v 3.7 2.5 2.4
v 0.3 2.5 0.0
v 0.3 6.0 3.0
v 9.8 6.0 0.0
v 0.3 0.5 3.0
v 2.5 6.0 0.3
v 7.6 6.3 3.0
v 4.1608696 6.3 2.6
v 4.2391304 6.3 2.6
v 10.1 4.3313953 2.6
v 6.95 2.3 0.3
v 7.6 6.0 2.6
v 1.75 6.0 0.3
v 10.1 6.0 0.0
v 7.8 0.8 2.4
v 5.3 6.0 0.0
v 7.8 0.3 0.3
v 3.3 2.5 2.4
v 9.8 0.3 3.0
v 0.0 2.3 0.3
v 3.1 6.0 0.3
v 3.3 6.3 1.1
v 0.3 2.1 0.3
v 10.1 3.4360465 2.6
v 2.2 2.5 2.4
v 10.1 0.3 3.0
v 10.1 0.3 0.0
v 4.7 2.5 0.3
v 3.1 2.5 0.0
v 10.1 3.4360465 3.0
v 5.1 2.3 2.4
v 9.8 3.4360465 0.3
v 5.3 2.5 0.3
v 5.3 6.0 3.0
v 7.6 2.6060606 3.0
v 1.65 6.3 3.0
v 7.6 0.3 0.0
v 7.8 0.0 3.0
v 7.6 1.8 2.4
v 4.1608696 6.0 1.1
v 0.0 6.3 3.0
v 10.1 6.3 0.0
v 10.1 3.4360465 1.1
v 0.3 6.3 0.3
v 3.6130435 6.0 2.6
v 0.3 2.3 3.0
v 7.8 2.3 0.0
v 9.8 0.0 0.3
v 4.1608696 6.0 3.0
v 3.3 0.0 0.0
v 5.1 2.3 3.0
v 7.6 0.0 3.0
v 7.025 6.0 2.6
v 7.6 2.3 0.0
v 3.6130435 6.3 2.6
v 9.8 4.1686047 2.6
v 0.3 2.1 2.4
v 1.2 2.5 0.3
v 10.1 4.1686047 0.3
v 1.65 6.0 0.3
v 3.7 2.5 3.0
v 9.8 2.5 2.6
v 3.7 2.3 0.3
v 0.3 2.5 0.3
v 3.1 6.3 0.0
v 9.8 2.5 0.3
v 7.6 6.0 0.0
v 0.3 2.1 3.0
v 5.1 2.5 0.3
v 0.3 6.0 2.6
v 3.7 2.3 2.4
v 4.7 2.3 3.0
v 6.95 2.5 2.4
v 7.6 6.3 0.3
v 7.6 2.5 2.4
v 7.6 2.6060606 2.4
v 5.3 0.3 0.0
v 5.3 6.3 1.1
v 5.3 0.0 0.3
v 9.8 5.0639535 0.3
v 7.8 3.6666667 2.4
v 9.8 2.3 3.0
v 10.1 4.1686047 2.6
v 5.95 2.5 0.3
v 1.65 6.3 1.1
v 10.1 0.0 0.3
v 2.5 6.3 1.1
v 0.0 2.5 0.0
v 7.8 0.8 3.0
v 3.3 0.3 0.0
v 3.7 2.3 3.0
v 7.6 6.3 2.6
v 3.3 2.5 3.0
v 1.65 6.3 2.6
v 7.6 0.3 0.3
v 3.6130435 6.3 3.0
v 3.1 6.3 2.6
v 3.1 0.0 0.0
v 5.1 0.3 3.0
v 5.3 0.0 0.0
v 1.2 2.5 3.0
v 5.3 2.3 3.0
v 5.1 6.0 0.0
v 4.7869565 6.0 1.1
v 0.3 0.3 3.0
v 9.8 0.3 0.3
v 4.7869565 6.3 3.0
v 3.1 2.5 3.0
v 0.9 6.3 3.0
v 3.6130435 6.0 3.0
v 10.1 6.3 3.0
v 3.1 6.0 2.6
v 1.2 2.3 3.0
v 1.65 6.3 0.3
v 7.8 2.5 0.3
v 3.1 0.3 0.0
v 7.8 6.3 0.0
v 5.875 6.3 0.3
v 3.3 6.3 0.3
v 9.8 0.0 3.0
v 7.8 0.3 0.0
v 1.65 6.0 3.0
v 3.3 2.3 0.3
v 3.1 2.3 0.3
v 7.6 6.0 0.3
v 5.1 6.3 0.0
v 5.3 6.3 0.0
v 5.875 6.3 3.0
v 3.6130435 6.0 1.1
v 10.1 3.4360465 0.3
v 5.95 2.5 2.4
v 4.1608696 6.3 0.3
v 0.3 6.3 2.6
v 9.8 4.1686047 0.3
v 7.6 0.0 0.3
v 0.3 0.5 0.3
v 0.3 6.0 1.1
v 10.1 6.0 0.3
v 7.6 3.6666667 3.0
v 4.2391304 6.0 3.0
v 3.3 0.0 3.0
v 3.1 6.0 1.1
v 0.0 2.3 3.0
v 5.875 6.3 2.6
v 1.75 6.0 3.0
v 1.65 6.0 1.1
v 7.8 1.8 2.4
v 4.1608696 6.0 2.6
v 0.0 0.0 0.0
v 0.0 6.0 3.0
v 9.8 4.3313953 0.3
v 3.3 6.3 0.0
v 0.3 0.0 3.0
v 7.6 6.3 1.1
v 1.65 6.0 2.6
v 5.3 2.5 2.4
v 6.95 2.5 3.0
v 0.3 6.3 1.1
v 5.1 0.0 0.0
v 6.95 2.3 2.4
v 0.9 6.0 3.0
v 10.1 0.3 0.3
v 7.8 1.8 3.0
v 7.8 2.5 0.0
v 2.5 6.3 2.6
v 4.7 2.5 3.0
v 0.9 6.0 1.1
v 0.0 2.3 2.4
v 0.9 6.3 0.3
v 3.1 6.3 1.1
v 9.8 3.4360465 1.1
v 0.0 6.3 0.3
v 0.3 6.3 3.0
v 7.8 2.3 2.4
v 10.1 4.3313953 1.1
v 0.3 2.5 3.0
v 9.8 2.5 1.1
v 4.2391304 6.3 3.0
v 5.1 2.5 0.0
v 5.3 2.3 0.3
v 0.3 2.3 0.3
v 5.3 6.3 2.6
v 2.5 6.0 3.0
v 7.6 2.5 0.3
v 5.1 2.3 0.0
v 7.6 2.3 3.0
v 10.1 6.0 3.0
v 3.1 6.0 0.0
v 9.8 4.3313953 3.0
v 3.1 6.3 0.3
v 7.6 0.8 3.0
v 3.3 0.0 0.3
v 0.3 0.0 0.3
v 0.0 0.3 3.0
v 1.2 2.3 0.3
v 9.8 4.1686047 1.1
v 5.95 2.3 2.4
v 4.7869565 6.3 2.6
v 3.3 6.0 0.0
v 10.1 2.5 0.0
v 3.1 0.0 0.3
v 10.1 2.3 3.0
v 0.3 6.0 0.0
v 3.3 0.3 0.3
v 0.0 6.0 0.3
v 5.875 6.3 1.1
v 4.7869565 6.0 2.6
v 0.3 2.3 2.4
v 0.0 2.1 0.3
v 2.2 2.3 3.0
v 9.8 2.5 0.0
v 9.8 0.3 0.0
v 7.6 1.8 0.3
v 9.8 4.1686047 3.0
v 9.8 2.3 0.3
v 5.1 6.3 0.3
v 7.8 0.3 3.0
v 5.1 2.5 2.4
v 0.0 0.3 0.3
v 0.9 6.3 1.1
v 10.1 4.3313953 0.3
v 7.025 6.0 3.0
v 7.8 2.6060606 3.0
v 0.3 6.0 0.3
v 4.7869565 6.3 1.1
v 7.6 0.0 0.0
v 7.025 6.3 1.1
v 5.3 2.3 0.0
v 9.8 3.4360465 3.0
v 7.8 2.3 3.0
v 5.3 0.3 0.3
v 7.8 0.0 0.0
v 1.75 6.3 0.3
v 5.3 2.5 3.0
v 0.0 0.5 3.0
v 3.6130435 6.3 0.3
v 3.1 0.3 0.3
v 10.1 2.3 0.3
v 9.8 3.4360465 2.6
v 0.3 2.3 0.0
v 7.6 6.3 0.0
v 7.6 6.0 2.4
v 5.95 2.3 3.0
v 10.1 4.1686047 1.1
v 10.1 5.0639535 3.0
v 7.8 2.3 0.3
v 0.0 0.3 2.4
v 5.1 0.0 0.3
v 0.0 0.5 0.3
v 9.8 4.3313953 1.1
v 2.2 2.5 3.0
v 0.3 0.3 2.4
v 3.6130435 6.0 0.3
v 7.025 6.3 2.6
v 7.025 6.3 3.0
v 5.3 6.0 0.3
v 0.0 6.3 0.0
v 3.3 6.0 0.3
v 10.1 6.0 2.6
v 1.75 6.3 2.6
v 4.2391304 6.0 0.3
v 6.95 2.5 0.3
v 5.1 6.3 2.6
v 7.8 2.6060606 0.3
v 5.3 0.3 3.0
v 10.1 0.0 0.0
v 0.9 6.0 2.6
v 7.025 6.0 0.3
v 9.8 0.0 0.0
v 7.6 0.3 3.0
v 5.3 2.3 2.4
v 1.75 6.3 1.1
v 3.3 2.5 0.0
v 3.3 2.3 3.0
v 0.9 6.0 0.3
v 3.6130435 6.3 1.1
v 5.3 0.0 3.0
v 7.8 3.6666667 0.3
v 9.8 6.0 1.1
v 3.3 2.5 0.3
v 10.1 2.5 3.0
v 10.1 5.0639535 1.1
v 7.6 0.8 0.3
v 3.1 2.3 3.0
v 3.1 2.5 0.3
v 0.0 2.5 0.3
v 0.0 2.1 3.0
v 10.1 6.3 0.3
v 5.875 6.0 1.1
v 9.8 4.3313953 2.6
v 10.1 6.0 1.1
v 5.1 0.3 0.0
v 4.2391304 6.0 2.6
v 4.7 2.5 2.4
v 7.8 0.8 0.3
v 5.3 6.0 1.1
v 7.6 6.0 3.0
v 7.6 3.6666667 2.4
v 7.6 2.3 2.4
v 0.0 0.5 2.4
v 0.3 0.3 0.3
v 4.1608696 6.3 3.0
v 0.0 0.0 3.0
v 4.2391304 6.0 1.1
v 3.1 2.5 2.4
v 4.7869565 6.3 0.3
v 5.1 6.0 0.3
v 5.875 6.0 2.6
v 4.7 2.3 2.4
v 4.7 2.3 0.3
v 2.5 6.0 2.6
v 4.2391304 6.3 0.3
v 5.1 6.0 2.6
v 6.95 2.3 3.0
v 9.8 2.3 0.0
v 0.0 2.1 2.4
v 9.8 5.0639535 3.0
v 3.7 2.5 0.3
v 5.1 6.0 3.0
v 0.3 0.5 2.4
v 7.8 6.0 0.0
v 0.3 2.5 2.4
v 3.1 0.0 3.0
v 0.3 0.0 0.0
v 3.3 6.0 2.6
v 7.8 0.3 2.4
v 0.0 2.5 3.0
v 7.6 0.8 2.4
v 5.875 6.0 3.0
v 7.8 3.6666667 3.0
v 3.3 0.3 3.0
v 7.025 6.3 0.3
v 7.6 3.6666667 0.3
v 7.6 2.6060606 0.3
v 0.0 0.0 0.3
v 1.75 6.0 1.1
v 3.3 2.3 0.0
v 10.1 5.0639535 0.3
v 7.8 2.6060606 2.4
v 5.95 2.3 0.3
v 3.3 2.3 2.4
v 0.3 0.3 0.0
v 5.1 2.3 0.3
v 5.1 0.0 3.0
v 3.1 6.3 3.0
v 10.1 4.1686047 3.0
v 3.1 0.3 3.0
v 10.1 4.3313953 3.0
v 9.8 6.0 2.6
v 3.3 6.0 1.1
v 7.8 0.0 0.3
v 5.95 2.5 3.0
v 1.75 6.3 3.0
v 7.8 1.8 0.3
v 4.1608696 6.0 0.3
v 1.75 6.0 2.6
v 10.1 2.5 1.1
v 7.8 2.5 3.0
v 5.1 6.3 3.0
v 2.2 2.3 0.3
v 9.8 5.0639535 1.1
v 0.0 6.0 0.0
v 2.2 2.3 2.4
v 10.1 2.5 2.6
v 3.3 6.3 3.0
v 4.7869565 6.0 0.3
v 3.1 2.3 0.0
v 10.1 5.0639535 2.6
v 2.5 6.3 0.3
v 5.3 6.3 0.3
v 7.6 2.5 0.0
v 1.2 2.5 2.4
v 7.6 1.8 3.0
v 3.1 2.3 2.4
v 7.8 2.5 2.4
v 9.8 6.3 0.0
v 7.6 2.3 0.3
v 4.7869565 6.0 3.0
v 0.0 0.3 0.0
v 2.5 6.0 1.1
v 10.1 2.3 0.0
v 0.9 6.3 2.6
v 7.6 2.5 3.0
v 9.8 5.0639535 2.6
v 5.3 6.0 2.6
v 2.2 2.5 0.3
v 3.3 6.0 3.0
v 0.0 2.3 0.0
v 9.8 6.0 0.3
v 9.8 6.3 3.0
v 7.8 6.0 3.0
v 9.8 6.0 3.0
v 7.8 6.0 0.3
v 7.8 6.3 3.0
v 9.8 6.3 0.3
v 7.8 6.0 2.4
v 7.8 6.3 0.3
v 9.3 6.3 2.4
v 8.3 6.0 3.0
v 8.3 6.0 2.4
v 9.3 6.0 3.0
v 9.8 6.0 2.4
v 9.3 6.0 0.3
v 9.8 6.3 2.4
v 7.8 6.3 2.4
v 8.3 6.3 2.4
v 8.3 6.3 3.0
v 9.3 6.3 3.0
v 8.3 6.0 0.3
v 9.3 6.3 0.3
v 9.3 6.0 2.4
v 8.3 6.3 0.3
v 9.95 2.96802325 3.0
v 8.94285714286 2.5 1.81428571429
v 9.8 2.96802325 2.8
v 9.95 2.4 3.0
v 8.8 2.4 3.0
v 5.1 4.5 1.81428571429
v 4.94347825 6.0 1.85
v 4.94347825 6.0 0.7
v 7.3125 6.0 1.85
v 7.3125 6.0 0.7
v 7.6 6.0 1.88
v 5.2 6.3 1.75
v 5.5875 6.15 3.0
v 5.2 6.15 3.0
v 5.5875 6.3 2.8
v 4.2 6.3 1.85
v 4.2 6.3 0.7
v 4.1608696 6.15 1.85
v 3.88695655 6.15 1.1
v 3.88695655 6.3 0.7
v 10.1 4.25 0.225
v 10.1 2.96802325 0.7
v 10.1 2.4 0.15
v 10.1 2.43333333333 1.71666666667
v 4.2 1.63333333333 0.3
v 4.2 0.3 1.65
v 5.2 0.3 1.65
v 5.2 1.3 0.3
v 4.94347825 6.3 1.85
v 4.94347825 6.3 0.7
v 2.8 6.15 3.0
v 3.1 4.5 1.81428571429
v 3.2 4.25 3.0
v 2.8 6.0 2.8
v 3.2 6.15 3.0
v 6.68 0.3 1.8
v 7.6 0.55 1.35
v 7.6 0.55 2.7
v 3.45652175 6.3 1.85
v 3.2 6.3 1.75
v 3.45652175 6.3 2.8
v 1.7 6.3 0.225
v 0.15 6.3 0.15
v 1.7 6.15 0.0
v 0.15 6.15 0.0
v 5.2 4.25 3.0
v 4.9 2.4 3.0
v 5.2 2.4 3.0
v 4.9 2.5 2.7
v 6.45 4.25 0.0
v 5.2 4.25 0.0
v 6.45 2.4 0.0
v 5.2 2.4 0.0
v 6.45 6.0 0.7
v 6.68 4.02727273 0.3
v 5.5875 6.0 0.7
v 1.7 2.4 2.4
v 0.75 2.3 2.7
v 1.2 2.4 1.35
v 1.7 2.3 2.7
v 0.75 2.3 1.35
v 4.2391304 6.15 1.85
v 4.51304345 6.15 1.1
v 4.51304345 6.3 0.7
v 2.8 6.3 2.8
v 2.125 6.15 3.0
v 2.125 6.3 2.8
v 7.025 6.15 1.85
v 6.45 6.15 1.1
v 9.95 0.15 3.0
v 10.1 0.15 1.65
v 9.95 0.0 1.65
v 3.5 2.5 2.7
v 3.5 2.5 1.35
v 4.2 2.5 2.7
v 3.7 2.4 1.35
v 4.2 2.4 2.4
v 1.7 4.25 0.0
v 1.7 2.4 0.0
v 0.15 4.25 0.0
v 0.15 2.4 0.0
v 0.15 6.15 3.0
v 0.3 4.5 1.81428571429
v 0.6 6.0 2.8
v 0.6 6.15 3.0
v 0.15 4.25 3.0
v 9.95 6.15 0.0
v 9.95 4.25 0.0
v 8.8 6.15 0.0
v 8.8 4.25 0.0
v 0.3 1.3 2.7
v 0.15 1.3 3.0
v 0.15 0.4 3.0
v 0.3 0.4 2.7
v 1.7 4.6 0.3
v 2.125 6.0 0.7
v 2.8 6.0 0.7
v 7.68571428571 6.3 1.81428571429
v 7.3125 6.3 2.8
v 7.3125 6.15 3.0
v 7.7 6.15 3.0
v 4.2 6.3 2.8
v 3.88695655 6.15 2.6
v 3.88695655 6.3 2.8
v 4.51304345 6.3 2.8
v 4.51304345 6.15 2.6
v 10.1 4.25 1.85
v 10.1 4.25 2.8
v 9.95 4.3313953 1.85
v 10.1 4.6976744 2.8
v 9.95 4.6976744 2.6
v 6.95 2.4 1.35
v 6.45 2.4 0.3
v 6.7375 1.55 0.3
v 7.275 2.3 1.35
v 7.3125 6.0 2.8
v 1.7 6.0 0.7
v 10.1 6.15 0.15
v 7.8 0.55 1.35
v 7.7 1.3 2.4
v 7.8 1.3 2.7
v 7.8 0.55 2.7
v 7.7 0.8 1.35
v 6.45 6.15 0.0
v 5.2 6.15 0.0
v 8.6 0.3 1.8
v 8.46666666667 1.3 0.3
v 3.3 4.5 1.81428571429
v 9.95 1.3 3.0
v 8.8 0.15 3.0
v 9.8 1.3 1.65
v 0.0 2.4 0.15
v 0.0 2.38 1.8
v 0.0 2.2 1.35
v 0.0 1.3 0.2
v 3.45652175 6.3 0.7
v 0.3 2.2 1.35
v 0.15 2.1 1.35
v 1.35 1.55 0.3
v 0.15 1.3 0.3
v 10.1 3.8023256 2.8
v 10.1 2.96802325 2.8
v 9.95 3.4360465 1.85
v 10.1 2.96802325 1.85
v 9.95 3.8023256 2.6
v 1.7 2.5 2.7
v 2.65 2.5 2.7
v 2.65 2.5 1.35
v 2.2 2.4 1.35
v 10.1 1.3 1.65
v 10.1 0.15 0.15
v 10.1 1.3 0.15
v 9.95 0.15 0.0
v 9.95 1.3 0.0
v 4.2 2.4 0.3
v 4.9 2.5 1.35
v 4.2 4.6 0.3
v 4.7 2.4 1.35
v 3.2 4.25 0.0
v 3.2 2.4 0.0
v 9.95 3.8023256 3.0
v 4.9 2.3 2.7
v 5.2 2.3 1.9
v 4.9 2.3 1.35
v 8.96666666667 4.35606060833 0.3
v 9.8 2.96802325 0.7
v 9.8 3.8023256 0.7
v 5.3 4.5 1.81428571429
v 5.625 2.5 1.35
v 5.5875 6.0 2.8
v 7.6 2.5530303 2.7
v 7.6 3.13636365 2.7
v 7.7 3.13636365 3.0
v 7.7 2.5530303 3.0
v 1.275 6.3 2.8
v 1.7 6.3 2.8
v 1.275 6.15 3.0
v 1.7 6.15 3.0
v 7.7 1.3 0.0
v 6.45 1.3 0.0
v 6.45 0.15 0.0
v 7.7 0.15 0.0
v 8.8 0.0 1.65
v 7.7 0.0 1.65
v 7.7 0.15 3.0
v 7.7 1.8 1.35
v 7.6 2.05 2.7
v 7.6 1.3 2.7
v 7.6 2.05 1.35
v 3.88695655 6.0 0.7
v 4.2 6.0 1.85
v 4.2 6.0 0.7
v 0.2 6.3 1.71666666667
v 0.0 6.15 1.65
v 9.95 6.3 0.15
v 10.1 3.8023256 0.7
v 9.95 3.8023256 1.1
v 0.6 6.3 0.7
v 3.88695655 6.0 2.8
v 3.6130435 6.15 1.85
v 3.45652175 6.0 2.8
v 3.45652175 6.0 1.85
v 0.3 2.2 2.7
v 0.15 2.2 3.0
v 0.75 2.4 3.0
v 0.15 2.4 3.0
v 7.7 2.4 0.0
v 8.8 1.3 0.0
v 8.8 2.4 0.0
v 9.95 0.0 0.15
v 8.8 0.0 0.15
v 3.88695655 6.15 3.0
v 4.2 6.0 2.8
v 4.2 6.15 3.0
v 3.2 0.15 0.0
v 4.2 0.15 0.0
v 3.2 0.0 0.15
v 4.2 0.0 0.15
v 6.45 0.0 1.65
v 6.45 0.15 3.0
v 6.45 6.15 2.6
v 6.45 6.0 2.8
v 9.95 4.1686047 1.85
v 9.8 4.25 2.8
v 9.8 4.25 1.85
v 9.8 3.8023256 2.8
v 0.15 1.3 2.4
v 0.75 2.5 1.35
v 1.7 2.4 0.3
v 10.1 4.25 0.7
v 1.275 6.0 0.7
v 4.2 2.4 3.0
v 3.5 2.4 3.0
v 9.8 2.96802325 1.85
v 3.5 2.3 1.35
v 3.2 6.3 0.15
v 3.2 6.15 0.0
v 7.7 6.15 0.0
v 7.7 4.25 0.0
v 0.6 6.0 1.85
v 4.2 2.3 2.7
v 3.5 2.3 2.7
v 7.275 2.5 2.7
v 7.275 2.5 1.35
v 6.45 2.5 2.7
v 6.45 2.4 2.4
v 7.7 6.3 0.15
v 6.45 6.3 0.2
v 7.3125 6.3 0.7
v 7.6 2.5530303 1.35
v 7.7 3.13636365 2.4
v 7.7 2.6060606 1.35
v 5.2 0.15 0.0
v 5.2 1.3 0.0
v 5.5875 6.3 0.7
v 5.5875 6.3 1.85
v 6.45 0.0 0.15
v 5.2 0.0 0.15
v 5.2 0.0 1.65
v 9.8 4.6976744 0.7
v 9.8 5.53197675 0.7
v 7.8 3.13636365 2.7
v 7.7 3.6666667 1.35
v 7.8 4.83333335 1.35
v 7.8 4.83333335 2.7
v 8.6 2.3 1.8
v 5.95 2.4 1.35
v 1.65 6.15 1.85
v 1.7 6.3 1.85
v 1.275 6.3 0.7
v 1.7 6.3 0.7
v 1.275 6.15 1.1
v 2.8 6.3 1.85
v 2.5 6.15 1.85
v 2.8 6.3 0.7
v 2.125 6.3 0.7
v 2.125 6.15 1.1
v 0.0 4.25 0.15
v 7.7 1.3 3.0
v 7.7 0.55 3.0
v 3.2 1.3 0.0
v 4.2 1.3 0.0
v 7.3125 6.3 1.85
v 3.2 2.4 3.0
v 1.275 6.15 2.6
v 3.45652175 6.15 3.0
v 1.7 0.15 0.0
v 1.7 0.0 0.15
v 4.2 0.15 3.0
v 5.2 0.15 3.0
v 1.7 2.4 3.0
v 0.75 2.5 2.7
v 5.625 2.3 2.7
v 5.625 2.4 3.0
v 4.2 6.15 0.0
v 4.2 4.25 0.0
v 4.7869565 6.15 1.85
v 4.51304345 6.0 0.7
v 0.15 0.15 3.0
v 1.7 0.15 3.0
v 1.42 0.3 1.8
v 4.51304345 6.15 3.0
v 4.94347825 6.3 2.8
v 4.94347825 6.15 3.0
v 2.65 2.4 3.0
v 0.6 6.3 2.8
v 10.1 6.1 1.71666666667
v 9.95 6.15 3.0
v 9.92 6.3 1.8
v 2.8 6.0 1.85
v 7.8 2.5530303 1.35
v 1.7 1.3 0.0
v 8.8 6.3 0.2
v 6.45 6.3 0.7
v 4.2 6.3 0.225
v 8.8 0.15 0.0
v 1.7 6.0 2.8
v 1.275 6.0 2.8
v 3.2 1.3 0.3
v 3.2 2.3 1.9
v 2.65 2.3 1.35
v 7.6 4.83333335 1.35
v 5.2 6.3 0.15
v 6.45 6.3 2.8
v 6.45 6.15 3.0
v 3.45652175 6.0 0.7
v 5.625 2.5 2.7
v 0.6 6.3 1.85
v 9.8 4.25 0.7
v 7.7 0.0 0.15
v 0.15 0.5 1.35
v 0.3 0.4 1.35
v 0.6 6.0 0.7
v 10.1 5.53197675 0.7
v 7.6 4.83333335 2.7
v 7.7 4.83333335 3.0
v 4.51304345 6.0 2.8
v 3.2 0.0 1.65
v 4.2 0.0 1.65
v 3.2 0.15 3.0
v 0.0 2.2 2.7
v 5.875 6.15 1.85
v 2.125 6.0 2.8
v 1.7 6.0 1.85
v 7.8 2.05 2.7
v 7.8 2.05 1.35
v 0.15 0.0 0.15
v 0.0 0.15 0.15
v 0.15 0.15 0.0
v 0.0 4.25 1.65
v 1.7 0.0 1.65
v 0.15 0.0 1.65
v 7.275 2.4 3.0
v 6.45 2.4 3.0
v 7.275 2.3 2.7
v 6.45 2.3 2.7
v 7.7 2.05 3.0
v 2.125 6.15 2.6
v 0.9 6.15 1.85
v 0.0 6.15 0.15
v 10.1 4.6976744 0.7
v 9.95 4.6976744 1.1
v 4.2 2.4 0.0
v 5.625 2.3 1.35
v 7.7 2.4 3.0
v 10.1 5.53197675 2.8
v 9.95 5.53197675 3.0
v 9.95 4.25 3.0
v 9.95 4.6976744 3.0
v 9.8 4.6976744 2.8
v 0.0 0.18 1.8
v 0.0 0.4 2.7
v 9.95 2.4 0.0
v 3.2 0.3 1.65
v 4.94347825 6.0 2.8
v 2.65 2.3 2.7
v 7.7 1.3 0.3
v 0.0 0.4 1.35
v 7.8 2.5530303 2.7
v 0.0 1.3 2.7
v 0.15 1.3 0.0
v 10.1 5.53197675 1.85
v 1.75 6.15 1.85
v 7.7 3.13636365 0.3
v 9.8 5.53197675 1.85
v 9.8 6.0 1.88
v 9.95 5.0639535 1.85
v 5.5875 6.0 1.85
v 9.8 5.53197675 2.8
v 9.55 6.0 1.35
v 9.55 6.15 3.0
v 9.55 6.3 2.7
v 8.05 6.15 3.0
v 8.05 6.0 2.7
v 9.55 6.0 2.7
v 8.05 6.0 1.35
v 8.05 6.3 2.7
v 9.55 6.3 1.35
v 8.05 6.3 1.35
v 8.8 6.15 2.4
v 9.3 6.15 1.35
v 8.8 6.3 2.7
v 8.8 6.0 2.7
v 8.8 6.15 3.0
v 8.3 6.15 1.35
v 8.8 6.15 0.3
# Face Definitions:
f 433 301 1
f 433 1 249
f 433 249 50
f 433 50 301
f 434 135 395
f 434 395 378
f 434 378 1
f 434 1 82
f 434 82 197
f 434 197 86
f 434 86 135
f 435 82 1
f 435 1 249
f 435 249 259
f 435 259 82
f 436 1 102
f 436 102 222
f 436 222 301
f 436 301 1
f 437 1 102
f 437 102 250
f 437 250 378
f 437 378 1
f 438 13 339
f 438 339 333
f 438 333 2
f 438 2 327
f 438 327 89
f 438 89 238
f 438 238 13
f 439 2 124
f 439 124 227
f 439 227 333
f 439 333 2
f 440 124 2
f 440 2 327
f 440 327 386
f 440 386 124
f 441 73 19
f 441 19 3
f 441 3 32
f 441 32 73
f 442 288 19
f 442 19 3
f 442 3 145
f 442 145 288
f 443 3 32
f 443 32 145
f 443 145 262
f 443 262 317
f 443 317 3
f 444 8 283
f 444 283 379
f 444 379 4
f 444 4 202
f 444 202 98
f 444 98 390
f 444 390 236
f 444 236 8
f 445 54 4
f 445 4 148
f 445 148 349
f 445 349 54
f 446 4 54
f 446 54 339
f 446 339 379
f 446 379 4
f 447 4 148
f 447 148 164
f 447 164 202
f 447 202 4
f 448 17 5
f 448 5 28
f 448 28 29
f 448 29 17
f 449 17 5
f 449 5 152
f 449 152 332
f 449 332 17
f 450 168 28
f 450 28 5
f 450 5 60
f 450 60 168
f 451 5 60
f 451 60 149
f 451 149 296
f 451 296 5
f 452 5 152
f 452 152 256
f 452 256 296
f 452 296 5
f 453 34 220
f 453 220 6
f 453 6 150
f 453 150 79
f 453 79 241
f 453 241 358
f 453 358 158
f 453 158 34
f 454 377 6
f 454 6 150
f 454 150 63
f 454 63 377
f 455 220 6
f 455 6 258
f 455 258 401
f 455 401 220
f 456 301 384
f 456 384 377
f 456 377 6
f 456 6 258
f 456 258 222
f 456 222 301
f 457 330 363
f 457 363 7
f 457 7 224
f 457 224 143
f 457 143 83
f 457 83 330
f 458 119 7
f 458 7 224
f 458 224 351
f 458 351 119
f 459 119 7
f 459 7 251
f 459 251 285
f 459 285 119
f 460 363 7
f 460 7 251
f 460 251 200
f 460 200 363
f 461 218 283
f 461 283 8
f 461 8 245
f 461 245 218
f 462 326 236
f 462 236 8
f 462 8 245
f 462 245 326
f 463 365 9
f 463 9 203
f 463 203 18
f 463 18 365
f 464 41 162
f 464 162 132
f 464 132 9
f 464 9 128
f 464 128 325
f 464 325 305
f 464 305 41
f 465 407 9
f 465 9 128
f 465 128 113
f 465 113 407
f 466 331 132
f 466 132 9
f 466 9 203
f 466 203 331
f 467 9 365
f 467 365 385
f 467 385 407
f 467 407 9
f 468 285 290
f 468 290 10
f 468 10 115
f 468 115 251
f 468 251 285
f 469 10 115
f 469 115 303
f 469 303 348
f 469 348 10
f 470 211 348
f 470 348 10
f 470 10 290
f 470 290 211
f 471 296 42
f 471 42 11
f 471 11 75
f 471 75 296
f 472 210 139
f 472 139 42
f 472 42 11
f 472 11 385
f 472 385 365
f 472 365 117
f 472 117 190
f 472 190 210
f 473 11 75
f 473 75 116
f 473 116 385
f 473 385 11
f 474 253 134
f 474 134 189
f 474 189 64
f 474 64 12
f 474 12 85
f 474 85 210
f 474 210 389
f 474 389 253
f 475 12 64
f 475 64 192
f 475 192 277
f 475 277 12
f 476 12 85
f 476 85 208
f 476 208 223
f 476 223 12
f 477 223 12
f 477 12 277
f 477 277 382
f 477 382 223
f 478 54 339
f 478 339 13
f 478 13 254
f 478 254 54
f 479 13 71
f 479 71 92
f 479 92 186
f 479 186 13
f 480 13 71
f 480 71 122
f 480 122 254
f 480 254 13
f 481 314 186
f 481 186 13
f 481 13 238
f 481 238 314
f 482 14 36
f 482 36 87
f 482 87 391
f 482 391 14
f 483 14 36
f 483 36 123
f 483 123 199
f 483 199 14
f 484 74 391
f 484 391 14
f 484 14 248
f 484 248 74
f 485 14 199
f 485 199 205
f 485 205 248
f 485 248 14
f 486 309 15
f 486 15 288
f 486 288 19
f 486 19 309
f 487 204 354
f 487 354 353
f 487 353 145
f 487 145 288
f 487 288 15
f 487 15 276
f 487 276 53
f 487 53 104
f 487 104 282
f 487 282 204
f 488 316 276
f 488 276 15
f 488 15 309
f 488 309 316
f 489 392 16
f 489 16 383
f 489 383 45
f 489 45 392
f 490 66 228
f 490 228 16
f 490 16 133
f 490 133 66
f 491 392 16
f 491 16 215
f 491 215 78
f 491 78 392
f 492 16 133
f 492 133 230
f 492 230 383
f 492 383 16
f 493 228 16
f 493 16 215
f 493 215 201
f 493 201 228
f 494 17 29
f 494 29 313
f 494 313 324
f 494 324 17
f 495 324 17
f 495 17 245
f 495 245 124
f 495 124 324
f 496 17 245
f 496 245 326
f 496 326 332
f 496 332 17
f 497 365 18
f 497 18 185
f 497 185 117
f 497 117 365
f 498 165 373
f 498 373 18
f 498 18 203
f 498 203 165
f 499 18 185
f 499 185 280
f 499 280 373
f 499 373 18
f 500 274 73
f 500 73 19
f 500 19 247
f 500 247 274
f 501 226 309
f 501 309 19
f 501 19 247
f 501 247 226
f 502 140 20
f 502 20 46
f 502 46 39
f 502 39 140
f 503 182 46
f 503 46 20
f 503 20 106
f 503 106 182
f 504 68 140
f 504 140 20
f 504 20 106
f 504 106 68
f 505 113 38
f 505 38 21
f 505 21 81
f 505 81 113
f 506 21 38
f 506 38 300
f 506 300 338
f 506 338 21
f 507 21 81
f 507 81 186
f 507 186 314
f 507 314 21
f 508 83 338
f 508 338 21
f 508 21 91
f 508 91 83
f 509 91 21
f 509 21 314
f 509 314 329
f 509 329 91
f 510 22 49
f 510 49 208
f 510 208 223
f 510 223 22
f 511 387 49
f 511 49 22
f 511 22 260
f 511 260 387
f 512 108 22
f 512 22 223
f 512 223 382
f 512 382 108
f 513 108 22
f 513 22 260
f 513 260 408
f 513 408 108
f 514 193 23
f 514 23 170
f 514 170 61
f 514 61 193
f 515 84 342
f 515 342 196
f 515 196 23
f 515 23 90
f 515 90 157
f 515 157 244
f 515 244 84
f 516 287 90
f 516 90 23
f 516 23 181
f 516 181 287
f 517 193 23
f 517 23 181
f 517 181 129
f 517 129 193
f 518 170 23
f 518 23 196
f 518 196 347
f 518 347 170
f 519 24 34
f 519 34 62
f 519 62 396
f 519 396 24
f 520 24 34
f 520 34 220
f 520 220 231
f 520 231 24
f 521 396 24
f 521 24 341
f 521 341 137
f 521 137 396
f 522 341 24
f 522 24 231
f 522 231 184
f 522 184 341
f 523 340 25
f 523 25 88
f 523 88 77
f 523 77 340
f 524 307 88
f 524 88 25
f 524 25 255
f 524 255 307
f 525 25 125
f 525 125 214
f 525 214 255
f 525 255 25
f 526 25 125
f 526 125 272
f 526 272 340
f 526 340 25
f 527 84 244
f 527 244 295
f 527 295 80
f 527 80 33
f 527 33 26
f 527 26 41
f 527 41 305
f 527 305 406
f 527 406 78
f 527 78 84
f 528 26 33
f 528 33 356
f 528 356 400
f 528 400 26
f 529 26 41
f 529 41 162
f 529 162 400
f 529 400 26
f 530 417 425
f 530 425 414
f 530 414 27
f 530 27 112
f 530 112 174
f 530 174 94
f 530 94 417
f 531 27 112
f 531 112 274
f 531 274 275
f 531 275 27
f 532 317 27
f 532 27 275
f 532 275 242
f 532 242 317
f 533 27 317
f 533 317 411
f 533 411 414
f 533 414 27
f 534 28 29
f 534 29 198
f 534 198 322
f 534 322 28
f 535 168 28
f 535 28 75
f 535 75 65
f 535 65 168
f 536 28 75
f 536 75 116
f 536 116 322
f 536 322 28
f 537 218 29
f 537 29 198
f 537 198 127
f 537 127 218
f 538 29 218
f 538 218 227
f 538 227 313
f 538 313 29
f 539 103 30
f 539 30 195
f 539 195 264
f 539 264 103
f 540 30 103
f 540 103 366
f 540 366 368
f 540 368 30
f 541 30 195
f 541 195 270
f 541 270 310
f 541 310 30
f 542 265 388
f 542 388 30
f 542 30 368
f 542 368 265
f 543 310 30
f 543 30 388
f 543 388 404
f 543 404 310
f 544 282 31
f 544 31 180
f 544 180 93
f 544 93 282
f 545 360 31
f 545 31 282
f 545 282 104
f 545 104 360
f 546 115 303
f 546 303 233
f 546 233 397
f 546 397 31
f 546 31 360
f 546 360 200
f 546 200 251
f 546 251 115
f 547 31 180
f 547 180 319
f 547 319 397
f 547 397 31
f 548 32 73
f 548 73 242
f 548 242 317
f 548 317 32
f 549 33 80
f 549 80 166
f 549 166 356
f 549 356 33
f 550 62 34
f 550 34 158
f 550 158 308
f 550 308 62
f 551 346 35
f 551 35 315
f 551 315 37
f 551 37 346
f 552 348 35
f 552 35 167
f 552 167 59
f 552 59 348
f 553 109 35
f 553 35 167
f 553 167 183
f 553 183 109
f 554 35 109
f 554 109 237
f 554 237 346
f 554 346 35
f 555 348 35
f 555 35 315
f 555 315 303
f 555 303 348
f 556 261 87
f 556 87 36
f 556 36 147
f 556 147 261
f 557 36 123
f 557 123 146
f 557 146 147
f 557 147 36
f 558 237 346
f 558 346 37
f 558 37 126
f 558 126 39
f 558 39 237
f 559 266 374
f 559 374 315
f 559 315 37
f 559 37 126
f 559 126 235
f 559 235 266
f 560 345 407
f 560 407 113
f 560 113 38
f 560 38 300
f 560 300 278
f 560 278 370
f 560 370 345
f 561 46 39
f 561 39 102
f 561 102 222
f 561 222 46
f 562 58 237
f 562 237 39
f 562 39 140
f 562 140 58
f 563 235 102
f 563 102 39
f 563 39 126
f 563 126 235
f 564 408 40
f 564 40 306
f 564 306 108
f 564 108 408
f 565 347 306
f 565 306 40
f 565 40 188
f 565 188 163
f 565 163 347
f 566 336 188
f 566 188 40
f 566 40 229
f 566 229 336
f 567 399 408
f 567 408 40
f 567 40 229
f 567 229 269
f 567 269 239
f 567 239 399
f 568 42 139
f 568 139 256
f 568 256 296
f 568 296 42
f 569 228 77
f 569 77 43
f 569 43 201
f 569 201 228
f 570 336 77
f 570 77 43
f 570 43 229
f 570 229 336
f 571 144 380
f 571 380 215
f 571 215 201
f 571 201 43
f 571 43 156
f 571 156 321
f 571 321 257
f 571 257 144
f 572 269 156
f 572 156 43
f 572 43 229
f 572 229 269
f 573 50 44
f 573 44 103
f 573 103 366
f 573 366 50
f 574 44 50
f 574 50 301
f 574 301 384
f 574 384 44
f 575 44 63
f 575 63 191
f 575 191 259
f 575 259 44
f 576 44 63
f 576 63 377
f 576 377 384
f 576 384 44
f 577 259 44
f 577 44 103
f 577 103 76
f 577 76 259
f 578 121 392
f 578 392 45
f 578 45 271
f 578 271 121
f 579 128 325
f 579 325 45
f 579 45 271
f 579 271 128
f 580 305 406
f 580 406 45
f 580 45 325
f 580 325 305
f 581 380 406
f 581 406 45
f 581 45 383
f 581 383 380
f 582 182 46
f 582 46 222
f 582 222 258
f 582 258 182
f 583 286 47
f 583 47 182
f 583 182 106
f 583 106 286
f 584 47 182
f 584 182 258
f 584 258 401
f 584 401 47
f 585 232 47
f 585 47 286
f 585 286 289
f 585 289 232
f 586 47 232
f 586 232 335
f 586 335 401
f 586 401 47
f 587 338 48
f 587 48 330
f 587 330 83
f 587 83 338
f 588 48 89
f 588 89 238
f 588 238 314
f 588 314 48
f 589 375 281
f 589 281 386
f 589 386 327
f 589 327 89
f 589 89 48
f 589 48 338
f 589 338 300
f 589 300 278
f 589 278 273
f 589 273 375
f 590 48 314
f 590 314 329
f 590 329 330
f 590 330 48
f 591 49 208
f 591 208 219
f 591 219 293
f 591 293 49
f 592 49 293
f 592 293 357
f 592 357 387
f 592 387 49
f 593 234 366
f 593 366 50
f 593 50 249
f 593 249 234
f 594 51 71
f 594 71 92
f 594 92 329
f 594 329 51
f 595 200 363
f 595 363 51
f 595 51 71
f 595 71 122
f 595 122 291
f 595 291 200
f 596 51 329
f 596 329 330
f 596 330 363
f 596 363 51
f 597 298 284
f 597 284 135
f 597 135 86
f 597 86 52
f 597 52 154
f 597 154 171
f 597 171 100
f 597 100 409
f 597 409 423
f 597 423 429
f 597 429 413
f 597 413 298
f 598 197 86
f 598 86 52
f 598 52 191
f 598 191 197
f 599 216 154
f 599 154 52
f 599 52 191
f 599 191 216
f 600 405 316
f 600 316 276
f 600 276 53
f 600 53 176
f 600 176 254
f 600 254 54
f 600 54 405
f 601 53 104
f 601 104 151
f 601 151 176
f 601 176 53
f 602 405 54
f 602 54 349
f 602 349 328
f 602 328 405
f 603 403 55
f 603 55 96
f 603 96 95
f 603 95 403
f 604 96 55
f 604 55 159
f 604 159 318
f 604 318 96
f 605 159 55
f 605 55 243
f 605 243 350
f 605 350 159
f 606 55 243
f 606 243 378
f 606 378 403
f 606 403 55
f 607 114 56
f 607 56 129
f 607 129 402
f 607 402 114
f 608 56 114
f 608 114 280
f 608 280 373
f 608 373 56
f 609 181 129
f 609 129 56
f 609 56 142
f 609 142 181
f 610 56 142
f 610 142 165
f 610 165 373
f 610 373 56
f 611 141 57
f 611 57 74
f 611 74 67
f 611 67 141
f 612 74 57
f 612 57 97
f 612 97 248
f 612 248 74
f 613 57 97
f 613 97 120
f 613 120 246
f 613 246 57
f 614 252 141
f 614 141 57
f 614 57 246
f 614 246 252
f 615 371 58
f 615 58 140
f 615 140 68
f 615 68 371
f 616 58 72
f 616 72 155
f 616 155 371
f 616 371 58
f 617 290 72
f 617 72 58
f 617 58 237
f 617 237 290
f 618 167 59
f 618 59 233
f 618 233 374
f 618 374 167
f 619 393 59
f 619 59 319
f 619 319 206
f 619 206 393
f 620 393 59
f 620 59 348
f 620 348 211
f 620 211 393
f 621 397 233
f 621 233 59
f 621 59 319
f 621 319 397
f 622 60 149
f 622 149 273
f 622 273 375
f 622 375 60
f 623 60 168
f 623 168 313
f 623 313 324
f 623 324 60
f 624 281 375
f 624 375 60
f 624 60 324
f 624 324 281
f 625 64 192
f 625 192 61
f 625 61 193
f 625 193 153
f 625 153 178
f 625 178 64
f 626 225 170
f 626 170 61
f 626 61 192
f 626 192 225
f 627 308 62
f 627 62 396
f 627 396 415
f 627 415 308
f 628 79 264
f 628 264 63
f 628 63 150
f 628 150 79
f 629 63 191
f 629 191 216
f 629 216 264
f 629 264 63
f 630 240 178
f 630 178 64
f 630 64 189
f 630 189 240
f 631 168 65
f 631 65 130
f 631 130 69
f 631 69 168
f 632 75 65
f 632 65 149
f 632 149 296
f 632 296 75
f 633 407 130
f 633 130 65
f 633 65 345
f 633 345 407
f 634 370 149
f 634 149 65
f 634 65 345
f 634 345 370
f 635 228 66
f 635 66 88
f 635 88 77
f 635 77 228
f 636 307 88
f 636 88 66
f 636 66 163
f 636 163 307
f 637 196 66
f 637 66 133
f 637 133 121
f 637 121 196
f 638 163 66
f 638 66 196
f 638 196 347
f 638 347 163
f 639 74 67
f 639 67 184
f 639 184 391
f 639 391 74
f 640 67 141
f 640 141 232
f 640 232 335
f 640 335 67
f 641 67 184
f 641 184 231
f 641 231 335
f 641 335 67
f 642 68 106
f 642 106 286
f 642 286 289
f 642 289 68
f 643 252 371
f 643 371 68
f 643 68 289
f 643 289 252
f 644 322 69
f 644 69 130
f 644 130 116
f 644 116 322
f 645 160 69
f 645 69 168
f 645 168 313
f 645 313 160
f 646 69 160
f 646 160 198
f 646 198 322
f 646 322 69
f 647 110 70
f 647 70 118
f 647 118 136
f 647 136 110
f 648 110 70
f 648 70 179
f 648 179 312
f 648 312 110
f 649 221 118
f 649 118 70
f 649 70 212
f 649 212 221
f 650 268 179
f 650 179 70
f 650 70 212
f 650 212 268
f 651 99 297
f 651 297 72
f 651 72 155
f 651 155 99
f 652 285 297
f 652 297 72
f 652 72 290
f 652 290 285
f 653 164 328
f 653 328 73
f 653 73 274
f 653 274 164
f 654 242 73
f 654 73 328
f 654 328 349
f 654 349 242
f 655 103 76
f 655 76 216
f 655 216 264
f 655 264 103
f 656 209 310
f 656 310 76
f 656 76 234
f 656 234 209
f 657 76 216
f 657 216 270
f 657 270 310
f 657 310 76
f 658 76 234
f 658 234 249
f 658 249 259
f 658 259 76
f 659 320 340
f 659 340 77
f 659 77 336
f 659 336 320
f 660 78 84
f 660 84 342
f 660 342 392
f 660 392 78
f 661 78 215
f 661 215 380
f 661 380 406
f 661 406 78
f 662 264 79
f 662 79 241
f 662 241 195
f 662 195 264
f 663 80 166
f 663 166 187
f 663 187 295
f 663 295 80
f 664 186 81
f 664 81 111
f 664 111 92
f 664 92 186
f 665 111 81
f 665 81 113
f 665 113 294
f 665 294 111
f 666 259 82
f 666 82 197
f 666 197 191
f 666 191 259
f 667 361 91
f 667 91 83
f 667 83 143
f 667 143 361
f 668 210 85
f 668 85 172
f 668 172 139
f 668 139 210
f 669 219 172
f 669 172 85
f 669 85 208
f 669 208 219
f 670 137 341
f 670 341 87
f 670 87 261
f 670 261 137
f 671 184 391
f 671 391 87
f 671 87 341
f 671 341 184
f 672 90 157
f 672 157 187
f 672 187 287
f 672 287 90
f 673 92 329
f 673 329 91
f 673 91 111
f 673 111 92
f 674 91 111
f 674 111 294
f 674 294 361
f 674 361 91
f 675 403 95
f 675 95 93
f 675 93 177
f 675 177 403
f 676 93 95
f 676 95 204
f 676 204 282
f 676 282 93
f 677 372 151
f 677 151 93
f 677 93 177
f 677 177 372
f 678 151 93
f 678 93 180
f 678 180 217
f 678 217 151
f 679 137 417
f 679 417 94
f 679 94 261
f 679 261 137
f 680 390 138
f 680 138 352
f 680 352 94
f 680 94 261
f 680 261 147
f 680 147 390
f 681 94 174
f 681 174 247
f 681 247 352
f 681 352 94
f 682 96 95
f 682 95 204
f 682 204 354
f 682 354 96
f 683 101 359
f 683 359 96
f 683 96 318
f 683 318 101
f 684 359 96
f 684 96 354
f 684 354 284
f 684 284 359
f 685 97 120
f 685 120 179
f 685 179 312
f 685 312 97
f 686 312 97
f 686 97 248
f 686 248 205
f 686 205 312
f 687 390 98
f 687 98 226
f 687 226 138
f 687 138 390
f 688 164 226
f 688 226 98
f 688 98 202
f 688 202 164
f 689 120 99
f 689 99 155
f 689 155 246
f 689 246 120
f 690 99 120
f 690 120 179
f 690 179 268
f 690 268 99
f 691 364 268
f 691 268 99
f 691 99 297
f 691 297 364
f 692 100 171
f 692 171 270
f 692 270 381
f 692 381 100
f 693 299 409
f 693 409 100
f 693 100 381
f 693 381 299
f 694 243 359
f 694 359 101
f 694 101 350
f 694 350 243
f 695 353 298
f 695 298 101
f 695 101 318
f 695 318 353
f 696 101 298
f 696 298 413
f 696 413 416
f 696 416 101
f 697 101 350
f 697 350 411
f 697 411 416
f 697 416 101
f 698 194 250
f 698 250 102
f 698 102 235
f 698 235 266
f 698 266 194
f 699 104 151
f 699 151 217
f 699 217 360
f 699 360 104
f 700 175 114
f 700 114 105
f 700 105 166
f 700 166 175
f 701 105 114
f 701 114 280
f 701 280 292
f 701 292 105
f 702 105 134
f 702 134 189
f 702 189 240
f 702 240 105
f 703 105 134
f 703 134 253
f 703 253 292
f 703 292 105
f 704 105 166
f 704 166 187
f 704 187 240
f 704 240 105
f 705 190 107
f 705 107 185
f 705 185 117
f 705 117 190
f 706 107 185
f 706 185 331
f 706 331 400
f 706 400 107
f 707 107 190
f 707 190 210
f 707 210 389
f 707 389 107
f 708 389 107
f 708 107 292
f 708 292 253
f 708 253 389
f 709 107 292
f 709 292 356
f 709 356 400
f 709 400 107
f 710 225 382
f 710 382 108
f 710 108 306
f 710 306 225
f 711 183 109
f 711 109 211
f 711 211 393
f 711 393 183
f 712 211 109
f 712 109 237
f 712 237 290
f 712 290 211
f 713 136 110
f 713 110 357
f 713 357 387
f 713 387 136
f 714 357 110
f 714 110 312
f 714 312 205
f 714 205 357
f 715 112 174
f 715 174 247
f 715 247 274
f 715 274 112
f 716 128 113
f 716 113 294
f 716 294 304
f 716 304 128
f 717 114 175
f 717 175 287
f 717 287 402
f 717 402 114
f 718 130 116
f 718 116 385
f 718 385 407
f 718 407 130
f 719 136 118
f 719 118 344
f 719 344 362
f 719 362 136
f 720 213 344
f 720 344 118
f 720 118 221
f 720 221 213
f 721 364 119
f 721 119 351
f 721 351 161
f 721 161 364
f 722 119 285
f 722 285 297
f 722 297 364
f 722 364 119
f 723 121 133
f 723 133 230
f 723 230 271
f 723 271 121
f 724 121 196
f 724 196 342
f 724 342 392
f 724 392 121
f 725 291 122
f 725 122 263
f 725 263 217
f 725 217 291
f 726 254 122
f 726 122 263
f 726 263 372
f 726 372 254
f 727 123 146
f 727 146 172
f 727 172 219
f 727 219 123
f 728 199 123
f 728 123 219
f 728 219 293
f 728 293 199
f 729 245 124
f 729 124 227
f 729 227 218
f 729 218 245
f 730 281 386
f 730 386 124
f 730 124 324
f 730 324 281
f 731 173 125
f 731 125 214
f 731 214 323
f 731 323 173
f 732 125 173
f 732 173 343
f 732 343 367
f 732 367 125
f 733 257 367
f 733 367 125
f 733 125 272
f 733 272 321
f 733 321 257
f 734 398 127
f 734 127 198
f 734 198 160
f 734 160 398
f 735 127 218
f 735 218 283
f 735 283 379
f 735 379 127
f 736 398 127
f 736 127 379
f 736 379 339
f 736 339 398
f 737 304 128
f 737 128 271
f 737 271 230
f 737 230 304
f 738 153 402
f 738 402 129
f 738 129 193
f 738 193 153
f 739 158 308
f 739 308 131
f 739 131 207
f 739 207 279
f 739 279 311
f 739 311 158
f 740 412 207
f 740 207 131
f 740 131 410
f 740 410 412
f 741 415 308
f 741 308 131
f 741 131 410
f 741 410 424
f 741 424 415
f 742 400 162
f 742 162 132
f 742 132 331
f 742 331 400
f 743 135 284
f 743 284 359
f 743 359 395
f 743 395 135
f 744 387 136
f 744 136 362
f 744 362 260
f 744 260 387
f 745 432 417
f 745 417 137
f 745 137 396
f 745 396 415
f 745 415 430
f 745 430 432
f 746 138 226
f 746 226 247
f 746 247 352
f 746 352 138
f 747 146 172
f 747 172 139
f 747 139 256
f 747 256 152
f 747 152 332
f 747 332 326
f 747 326 236
f 747 236 146
f 748 289 232
f 748 232 141
f 748 141 252
f 748 252 289
f 749 165 142
f 749 142 175
f 749 175 376
f 749 376 165
f 750 175 142
f 750 142 181
f 750 181 287
f 750 287 175
f 751 144 143
f 751 143 224
f 751 224 257
f 751 257 144
f 752 304 394
f 752 394 144
f 752 144 143
f 752 143 361
f 752 361 294
f 752 294 304
f 753 144 380
f 753 380 383
f 753 383 394
f 753 394 144
f 754 145 262
f 754 262 318
f 754 318 353
f 754 353 145
f 755 390 147
f 755 147 146
f 755 146 236
f 755 236 390
f 756 148 164
f 756 164 274
f 756 274 275
f 756 275 148
f 757 349 148
f 757 148 275
f 757 275 242
f 757 242 349
f 758 149 273
f 758 273 278
f 758 278 370
f 758 370 149
f 759 151 176
f 759 176 254
f 759 254 372
f 759 372 151
f 760 153 178
f 760 178 240
f 760 240 402
f 760 402 153
f 761 270 171
f 761 171 154
f 761 154 216
f 761 216 270
f 762 155 246
f 762 246 252
f 762 252 371
f 762 371 155
f 763 156 269
f 763 269 320
f 763 320 340
f 763 340 156
f 764 272 340
f 764 340 156
f 764 156 321
f 764 321 272
f 765 187 157
f 765 157 244
f 765 244 295
f 765 295 187
f 766 302 358
f 766 358 158
f 766 158 311
f 766 311 302
f 767 318 159
f 767 159 317
f 767 317 262
f 767 262 318
f 768 317 159
f 768 159 350
f 768 350 411
f 768 411 317
f 769 398 160
f 769 160 313
f 769 313 227
f 769 227 398
f 770 161 212
f 770 212 221
f 770 221 343
f 770 343 161
f 771 161 212
f 771 212 268
f 771 268 364
f 771 364 161
f 772 367 343
f 772 343 161
f 772 161 351
f 772 351 367
f 773 188 163
f 773 163 307
f 773 307 336
f 773 336 188
f 774 164 226
f 774 226 309
f 774 309 328
f 774 328 164
f 775 165 203
f 775 203 331
f 775 331 376
f 775 376 165
f 776 376 175
f 776 175 166
f 776 166 356
f 776 356 376
f 777 183 167
f 777 167 194
f 777 194 250
f 777 250 183
f 778 167 194
f 778 194 266
f 778 266 374
f 778 374 167
f 779 355 169
f 779 169 344
f 779 344 213
f 779 213 355
f 780 399 169
f 780 169 355
f 780 355 239
f 780 239 399
f 781 169 344
f 781 344 362
f 781 362 399
f 781 399 169
f 782 170 225
f 782 225 306
f 782 306 347
f 782 347 170
f 783 173 213
f 783 213 221
f 783 221 343
f 783 343 173
f 784 213 173
f 784 173 323
f 784 323 355
f 784 355 213
f 785 206 403
f 785 403 177
f 785 177 334
f 785 334 206
f 786 372 177
f 786 177 334
f 786 334 263
f 786 263 372
f 787 334 180
f 787 180 319
f 787 319 206
f 787 206 334
f 788 180 217
f 788 217 263
f 788 263 334
f 788 334 180
f 789 393 183
f 789 183 250
f 789 250 206
f 789 206 393
f 790 376 280
f 790 280 185
f 790 185 331
f 790 331 376
f 791 240 187
f 791 187 287
f 791 287 402
f 791 402 240
f 792 225 192
f 792 192 277
f 792 277 382
f 792 382 225
f 793 241 195
f 793 195 302
f 793 302 358
f 793 358 241
f 794 270 195
f 794 195 302
f 794 302 381
f 794 381 270
f 795 205 199
f 795 199 293
f 795 293 357
f 795 357 205
f 796 360 200
f 796 200 291
f 796 291 217
f 796 217 360
f 797 206 250
f 797 250 378
f 797 378 403
f 797 403 206
f 798 388 265
f 798 265 207
f 798 207 279
f 798 279 388
f 799 207 265
f 799 265 337
f 799 337 412
f 799 412 207
f 800 209 234
f 800 234 366
f 800 366 368
f 800 368 209
f 801 368 209
f 801 209 337
f 801 337 265
f 801 265 368
f 802 310 209
f 802 209 337
f 802 337 404
f 802 404 310
f 803 355 323
f 803 323 214
f 803 214 267
f 803 267 239
f 803 239 355
f 804 320 255
f 804 255 214
f 804 214 267
f 804 267 320
f 805 220 231
f 805 231 335
f 805 335 401
f 805 401 220
f 806 367 257
f 806 257 224
f 806 224 351
f 806 351 367
f 807 227 333
f 807 333 339
f 807 339 398
f 807 398 227
f 808 394 304
f 808 304 230
f 808 230 383
f 808 383 394
f 809 233 303
f 809 303 315
f 809 315 374
f 809 374 233
f 810 320 267
f 810 267 239
f 810 239 269
f 810 269 320
f 811 395 359
f 811 359 243
f 811 243 378
f 811 378 395
f 812 336 307
f 812 307 255
f 812 255 320
f 812 320 336
f 813 260 362
f 813 362 399
f 813 399 408
f 813 408 260
f 814 388 279
f 814 279 311
f 814 311 302
f 814 302 388
f 815 280 292
f 815 292 356
f 815 356 376
f 815 376 280
f 816 284 298
f 816 298 353
f 816 353 354
f 816 354 284
f 817 404 369
f 817 369 299
f 817 299 381
f 817 381 404
f 818 299 369
f 818 369 409
f 818 409 412
f 818 412 422
f 818 422 299
f 819 381 302
f 819 302 388
f 819 388 404
f 819 404 381
f 820 405 316
f 820 316 309
f 820 309 328
f 820 328 405
f 821 369 412
f 821 412 337
f 821 337 404
f 821 404 369
f 822 431 422
f 822 422 409
f 822 409 423
f 822 423 431
f 823 410 412
f 823 412 421
f 823 421 428
f 823 428 410
f 824 418 428
f 824 428 410
f 824 410 424
f 824 424 418
f 825 414 411
f 825 411 419
f 825 419 427
f 825 427 414
f 826 416 411
f 826 411 419
f 826 419 420
f 826 420 416
f 827 431 421
f 827 421 412
f 827 412 422
f 827 422 431
f 828 413 416
f 828 416 420
f 828 420 429
f 828 429 413
f 829 414 425
f 829 425 426
f 829 426 427
f 829 427 414
f 830 430 415
f 830 415 424
f 830 424 418
f 830 418 430
f 831 417 425
f 831 425 426
f 831 426 432
f 831 432 417
f 832 431 418
f 832 418 426
f 832 426 420
f 832 420 431
f 833 431 418
f 833 418 430
f 833 430 423
f 833 423 431
f 834 418 426
f 834 426 427
f 834 427 428
f 834 428 418
f 835 420 419
f 835 419 421
f 835 421 431
f 835 431 420
f 836 428 421
f 836 421 419
f 836 419 427
f 836 427 428
f 837 426 420
f 837 420 429
f 837 429 432
f 837 432 426
f 838 432 429
f 838 429 423
f 838 423 430
f 838 430 432
